	LIB8	LIB8	LIB8	LIB8	LIB8	LIB7	LIB7	LIB7	LIB7	LIB7	LIB 11	LIB 11	LIB 11	LIB 11	LIB 11			LIB8	LIB7	LIB 11	
FILENAME	MAPPED	READS	MAP %	THRESH	LIBID	MAPPED	READS	MAP %	THRESH	LIBID	MAPPED	READS	MAP %	THRESH	LIBID		Sum of % MAP	MAP %	MAP %	MAP %	sum
pp_50trim_zj48_1_month_Grans_index15_IY12.fastq	1739659	4000000	43.491475	100	TCAAGT	1331539	4000000	33.288475	100	GATCTG	191912	4000000	4.7978	100	GTAGCC		81.57775	53.313	40.806	5.881	100
pp_50trim_zj48_2_month_Grans_index16_IY12.fastq	1758146	4000000	43.95365	100	TCAAGT	1286260	4000000	32.1565	100	GATCTG	143669	4000000	3.591725	100	GTAGCC		79.701875	55.148	40.346	4.506	100
pp_50trim_zj48_3_month_Grans_index17_IY12.fastq	1842376	4000000	46.0594	100	TCAAGT	1259268	4000000	31.4817	100	GATCTG	84275	4000000	2.106875	100	GTAGCC		79.647975	57.829	39.526	2.645	100
pp_50trim_zj48_4_month_Grans_442p8ng__index18_IY12.fastq	1803417	4000000	45.085425	100	TCAAGT	1307981	4000000	32.699525	100	GATCTG	124821	4000000	3.120525	100	GTAGCC		80.905475	55.726	40.417	3.857	100
pp_50trim_ZJ48_5m_Grans_IY_R15_IY24.fastq	1944243	4000000	48.606075	100	TCAAGT	1193105	4000000	29.827625	100	GATCTG	79018	4000000	1.97545	100	GTAGCC		80.40915	60.448	37.095	2.457	100
pp_50trim_zj48_6_month_Grans_index20_IY12.fastq	1860640	4000000	46.516	100	TCAAGT	1256800	4000000	31.42	100	GATCTG	110553	4000000	2.763825	100	GTAGCC		80.699825	57.641	38.934	3.425	100
pp_50trim_ZJ48_7m_Grans_IY_R17_IY24.fastq	1897821	4000000	47.445525	100	TCAAGT	1232483	4000000	30.812075	100	GATCTG	78582	4000000	1.96455	100	GTAGCC		80.22215	59.143	38.408	2.449	100
pp_50trim_ZJ48_11m_Grans_IY_R22_IY24.fastq	1968792	4000000	49.2198	100	TCAAGT	1164884	4000000	29.1221	100	GATCTG	104593	4000000	2.614825	100	GTAGCC		80.956725	60.798	35.972	3.23	100
pp_50trim_ZJ48_12m_Grans_IY_R24_IY24.fastq	1821421	4000000	45.535525	100	TCAAGT	1326256	4000000	33.1564	100	GATCTG	99939	4000000	2.498475	100	GTAGCC		81.1904	56.085	40.838	3.077	100
pp_50trim_ZJ48_16m_Grans_2_IY28_R20.fastq	1795247	4000000	44.881175	100	TCAAGT	792605	4000000	19.815125	100	GATCTG	84406	4000000	2.11015	100	GTAGCC		66.80645	67.181	29.66	3.159	100
ZJ48_Grans_24m_sampled_LT2821_LT3_i524_S19_L001_R1_001.fastq	2024972	4000000	50.6243	100	TCAAGT	1280549	4000000	32.013725	100	GATCTG	92703	4000000	2.317575	100	GTAGCC		84.9556	59.589	37.683	2.728	100
ZJ48_33m_2018_5_2_Grans___IY34_sampled_IY34_i524_S20_L005_R1_001.fastq	2072603	4000000	51.815075	100	TCAAGT	1295311	4000000	32.382775	100	GATCTG	118882	4000000	2.97205	100	GTAGCC		87.1699	59.44147578	37.1490331	3.40949112	100
																					
pp_50trim_zj48_1_month_B_cells_index21_IY12.fastq	1466236	4000000	36.6559	100	TCAAGT	1613735	4000000	40.343375	100	GATCTG	194254	4000000	4.85635	100	GTAGCC		81.855625	44.781	49.286	5.933	100
pp_50trim_zj48_2_month_B_cells_index22_IY12.fastq	2254947	4000000	56.373675	100	TCAAGT	719538	4000000	17.98845	100	GATCTG	65018	4000000	1.62545	100	GTAGCC		75.987575	74.188	23.673	2.139	100
pp_50trim_zj48_3_month_B_cells_index23_IY12.fastq	1689079	4000000	42.226975	100	TCAAGT	1474360	4000000	36.859	100	GATCTG	110630	4000000	2.76575	100	GTAGCC		81.851725	51.59	45.031	3.379	100
pp_50trim_zj48_4_month_B_cells_index24_IY12.fastq	1686332	4000000	42.1583	100	TCAAGT	1409976	4000000	35.2494	100	GATCTG	88183	4000000	2.204575	100	GTAGCC		79.612275	52.955	44.276	2.769	100
pp_50trim_zj48_5_month_B_cells_index25_IY12.fastq	1735648	4000000	43.3912	100	TCAAGT	1433695	4000000	35.842375	100	GATCTG	91167	4000000	2.279175	100	GTAGCC		81.51275	53.232	43.971	2.796	100
pp_50trim_zj48_6_month_B_cells_index26_IY12.fastq	1813732	4000000	45.3433	100	TCAAGT	1319856	4000000	32.9964	100	GATCTG	93563	4000000	2.339075	100	GTAGCC		80.678775	56.202	40.898	2.899	100
pp_50trim_ZJ48_7m_B_cells__IY_R21_IY23.fastq	1834103	4000000	45.852575	100	TCAAGT	1425425	4000000	35.635625	100	GATCTG	72454	4000000	1.81135	100	GTAGCC		83.29955	55.045	42.78	2.175	100
pp_50trim_ZJ48_9m_B_cells__IY_R25_IY23.fastq	1907022	4000000	47.67555	100	TCAAGT	1372801	4000000	34.320025	100	GATCTG	68844	4000000	1.7211	100	GTAGCC		83.716675	56.949	40.995	2.056	100
pp_50trim_ZJ48_12m_B_cells__IY_R27_IY23.fastq	1866676	4000000	46.6669	100	TCAAGT	1406297	4000000	35.157425	100	GATCTG	87353	4000000	2.183825	100	GTAGCC		84.00815	55.55	41.85	2.6	100
ZJ48_B_24m_sampled_LT2821_LT3_i526_S20_L001_R1_001.fastq	2056459	4000000	51.411475	100	TCAAGT	1301545	4000000	32.538625	100	GATCTG	80936	4000000	2.0234	100	GTAGCC		85.9735	59.799	37.847	2.354	100
ZJ48_33m_2018_5_2_B__rep1_IY34_sampled_IY34_i528_S23_L005_R1_001.fastq	2008205	4000000	50.205125	100	TCAAGT	1317272	4000000	32.9318	100	GATCTG	105645	4000000	2.641125	100	GTAGCC		85.77805	58.52910506	38.39187298	3.079021964	100
																					
pp_50trim_zj48_1_month_T_cells_index15_IY13.fastq	1867077	4000000	46.676925	100	TCAAGT	1191022	4000000	29.77555	100	GATCTG	212456	4000000	5.3114	100	GTAGCC		81.763875	57.087	36.417	6.496	100
pp_50trim_zj48_2_month_T_cells_index_16_IY13.fastq	1234277	3714457	33.22900225	100	TCAAGT	839936	3714457	22.61261875	100	GATCTG	473978	3714457	12.76035771	100	GTAGCC		68.6019787	48.437	32.962	18.601	100
pp_50trim_zj48_3_month_T_cells_index17_IY13.fastq	636624	4000000	15.9156	100	TCAAGT	1151971	4000000	28.799275	100	GATCTG	330094	4000000	8.25235	100	GTAGCC		52.967225	30.048	54.372	15.58	100
pp_50trim_zj48_4_month_T_cells_index18_IY13.fastq	1578053	4000000	39.451325	100	TCAAGT	1531399	4000000	38.284975	100	GATCTG	165906	4000000	4.14765	100	GTAGCC		81.88395	48.18	46.755	5.065	100
pp_50trim_zj48_5_month_T_cells_index19_IY13.fastq	1877669	4000000	46.941725	100	TCAAGT	1349249	4000000	33.731225	100	GATCTG	103656	4000000	2.5914	100	GTAGCC		83.26435	56.377	40.511	3.112	100
pp_50trim_zj48_6_month_T_cells_index20_IY13.fastq	1871283	4000000	46.782075	100	TCAAGT	1265004	4000000	31.6251	100	GATCTG	75338	4000000	1.88345	100	GTAGCC		80.290625	58.266	39.388	2.346	100
pp_50trim_ZJ48_7m_T_cells__IY_R14_IY23.fastq	1964508	4000000	49.1127	100	TCAAGT	1280178	4000000	32.00445	100	GATCTG	58808	4000000	1.4702	100	GTAGCC		82.58735	59.468	38.752	1.78	100
pp_50trim_ZJ48_9m_T_cells__IY_R15_IY23.fastq	1978328	4000000	49.4582	100	TCAAGT	1222332	4000000	30.5583	100	GATCTG	68583	4000000	1.714575	100	GTAGCC		81.731075	60.513	37.389	2.098	100
pp_50trim_ZJ48_12m_T_cells__IY_R17_IY23.fastq	1976339	4000000	49.408475	100	TCAAGT	1245491	4000000	31.137275	100	GATCTG	70612	4000000	1.7653	100	GTAGCC		82.31105	60.027	37.829	2.145	100
ZJ48_T_24m_sampled_LT2821_LT3_i528_S22_L001_R1_001.fastq	2129319	4000000	53.232975	100	TCAAGT	1182618	4000000	29.56545	100	GATCTG	86520	4000000	2.163	100	GTAGCC		84.961425	62.655	34.799	2.546	100
ZJ48_33m_2018_5_2_T___IY34_sampled_IY34_i526_S21_L005_R1_001.fastq	2065184	4000000	51.6296	100	TCAAGT	1217600	4000000	30.44	100	GATCTG	91063	4000000	2.276575	100	GTAGCC		84.346175	61.21154872	36.08936623	2.69908505	100